4.674796760082244873e-01
6.534552574157714844e-01
7.337398529052734375e-01
7.601625919342041016e-01
7.794715166091918945e-01
8.241869807243347168e-01
8.089430928230285645e-01
8.445122241973876953e-01
8.170731663703918457e-01
8.424796462059020996e-01
8.597561120986938477e-01
8.567073345184326172e-01
8.556910753250122070e-01
8.760162591934204102e-01
8.882113695144653320e-01
8.800812959671020508e-01
8.983739614486694336e-01
8.831300735473632812e-01
8.821138143539428711e-01
8.922764062881469727e-01
8.658536672592163086e-01
9.004064798355102539e-01
9.034552574157714844e-01
9.085366129875183105e-01
9.065040946006774902e-01
9.034552574157714844e-01
9.166666865348815918e-01
9.075203537940979004e-01
9.115853905677795410e-01
9.105691313743591309e-01
9.166666865348815918e-01
9.217479825019836426e-01
9.237805008888244629e-01
9.278455376625061035e-01
9.146341681480407715e-01
9.339430928230285645e-01
9.334677457809448242e-01
9.359756112098693848e-01
9.400406479835510254e-01
9.237805008888244629e-01
9.420731663703918457e-01
9.369918704032897949e-01
9.400406479835510254e-01
9.420731663703918457e-01
9.491869807243347168e-01
9.471544623374938965e-01
9.512194991111755371e-01
9.563007950782775879e-01
9.491869807243347168e-01
9.573170542716979980e-01
9.522357583045959473e-01
9.603658318519592285e-01
9.481707215309143066e-01
9.623983502388000488e-01
9.481707215309143066e-01
9.613820910453796387e-01
9.705284833908081055e-01
9.603658318519592285e-01
9.603658318519592285e-01
9.705284833908081055e-01
9.684959053993225098e-01
9.644308686256408691e-01
9.684959053993225098e-01
9.654471278190612793e-01
9.776422977447509766e-01
9.674796462059020996e-01
9.715447425842285156e-01
9.745935201644897461e-01
9.806910753250122070e-01
9.725610017776489258e-01
9.786585569381713867e-01
9.735772609710693359e-01
9.796748161315917969e-01
9.735772609710693359e-01
9.725610017776489258e-01
9.725610017776489258e-01
9.745935201644897461e-01
9.756097793579101562e-01
9.837398529052734375e-01
9.847561120986938477e-01
9.817073345184326172e-01
9.857723712921142578e-01
9.766260385513305664e-01
9.848790168762207031e-01
9.817073345184326172e-01
9.786585569381713867e-01
9.908536672592163086e-01
9.806910753250122070e-01
9.837398529052734375e-01
9.857723712921142578e-01
9.847561120986938477e-01
9.898374080657958984e-01
9.847561120986938477e-01
9.908536672592163086e-01
9.888211488723754883e-01
9.857723712921142578e-01
9.827235937118530273e-01
9.867886304855346680e-01
9.847561120986938477e-01
9.837398529052734375e-01
