1.124115347862243652e+00
7.725672721862792969e-01
5.899464488029479980e-01
5.399801135063171387e-01
5.057485103607177734e-01
4.270105957984924316e-01
4.309388697147369385e-01
3.983608484268188477e-01
3.967406153678894043e-01
3.703377842903137207e-01
3.299190700054168701e-01
3.379274308681488037e-01
3.259613513946533203e-01
2.991858720779418945e-01
2.844994366168975830e-01
2.861512899398803711e-01
2.773626446723937988e-01
2.672438323497772217e-01
2.821795046329498291e-01
2.714030742645263672e-01
2.698454856872558594e-01
2.377680093050003052e-01
2.479949146509170532e-01
2.291475683450698853e-01
2.310479879379272461e-01
2.281944602727890015e-01
2.002893239259719849e-01
2.276708483695983887e-01
1.963434517383575439e-01
2.030504047870635986e-01
1.994634866714477539e-01
1.919272094964981079e-01
1.836314797401428223e-01
1.757058799266815186e-01
2.060402184724807739e-01
1.613349467515945435e-01
1.624966412782669067e-01
1.664425432682037354e-01
1.487875729799270630e-01
1.734022796154022217e-01
1.492476314306259155e-01
1.462625116109848022e-01
1.426170617341995239e-01
1.395717412233352661e-01
1.266814321279525757e-01
1.415047794580459595e-01
1.163043081760406494e-01
1.209883987903594971e-01
1.226915046572685242e-01
1.060037612915039062e-01
1.381340771913528442e-01
1.124847233295440674e-01
1.206810027360916138e-01
8.986422419548034668e-02
1.206031143665313721e-01
9.504538774490356445e-02
8.128631860017776489e-02
1.032087579369544983e-01
9.382918477058410645e-02
8.554559201002120972e-02
8.769992738962173462e-02
7.920092344284057617e-02
8.253915607929229736e-02
1.020122021436691284e-01
6.399675458669662476e-02
8.230780810117721558e-02
8.256866782903671265e-02
7.066878676414489746e-02
6.954251229763031006e-02
8.138632029294967651e-02
6.701365858316421509e-02
7.702443748712539673e-02
5.503294244408607483e-02
6.332118064165115356e-02
7.165139168500900269e-02
7.687507569789886475e-02
6.420494616031646729e-02
6.196135655045509338e-02
5.223990604281425476e-02
4.880660772323608398e-02
4.506076127290725708e-02
4.740962013602256775e-02
6.003361940383911133e-02
4.730715602636337280e-02
4.805624485015869141e-02
6.165558844804763794e-02
3.491538390517234802e-02
5.354531109333038330e-02
4.691148921847343445e-02
3.640863299369812012e-02
5.199403315782546997e-02
2.857260219752788544e-02
4.045731574296951294e-02
2.847428433597087860e-02
4.045140743255615234e-02
4.534511640667915344e-02
4.614165797829627991e-02
3.699076175689697266e-02
5.815195664763450623e-02
4.890406131744384766e-02
